4.687500000000000000e+00 6.687500000000000000e+00
3.125000000000000000e-01 2.312500000000000000e+00
5.937500000000000000e+00 7.937500000000000000e+00
9.375000000000000000e-01 2.937500000000000000e+00
2.291666666666666075e+00 4.291666666666666075e+00
3.303571428571428825e+00 5.303571428571428825e+00
5.781250000000000000e+00 7.781250000000000000e+00
1.302083333333332815e+00 3.302083333333333037e+00
4.166666666666660190e-01 2.416666666666666075e+00
3.106398809523808868e+00 5.106398809523808424e+00
2.343750000000000000e+00 4.343750000000000000e+00
3.125000000000000000e-01 2.312500000000000000e+00
1.175595238095237915e+00 3.175595238095238138e+00
1.614583333333332815e+00 3.614583333333333037e+00
5.468750000000000000e-01 2.546875000000000000e+00
1.875000000000000000e+00 3.875000000000000000e+00
