2.198776845604175634e-01
-1.606458882904995278e-01
-1.277593363366413826e-02
1.471990218022103392e-01
9.760577766100533736e+00
-5.184830015816643822e-02
1.118824601036632060e-01
-1.678107022918009505e-01
2.004458549553458369e-01
-1.242880127642926880e-01
-1.161605453999356996e-01
1.595743458339651255e-01
1.408028456192749189e-01
-1.228425725206193420e+00
-3.508768579558818601e-01
9.582449918544320155e+00
9.756809566626575503e+00
-2.841618555234148857e-02
4.969160578840536857e-02
9.000208912533807393e+00
-2.010303654140219720e-01
9.059393231627232979e-02
-1.490679307167734891e-01
1.608463306435758966e-01
2.747376282346820631e-01
2.061649315646612024e-01
9.740135385786707900e-02
9.098460778075434519e-02
9.145255650464607200e+00
7.012007582073032097e-02
9.227240460486838103e+00
3.920707553053759398e-02
3.282046131325166982e-01
2.023021698405500501e-01
-2.823377036626499859e-01
-4.524898732212854213e-01
9.078940201369453789e+00
9.802814410697632042e+00
2.418277844123455367e-01
2.293498278883081554e-01
8.252204527048156990e-02
-1.558349249336998810e-02
1.368327047980599787e-02
9.218342158233582495e+00
4.457406097421490188e-02
8.646786980046883286e-02
-1.812718087040234849e-01
3.262184613319156767e-01
3.209549654999204193e-01
9.598183322233047932e+00
2.139819327514231873e-01
9.055851837652229008e+00
1.198366985497294479e-01
1.136260605682437586e-02
-1.570904141508862040e-01
-1.314987345006350949e-01
-1.330580250552761967e+00
8.273907813480645856e+00
8.408276244181877246e+00
9.665483134885224814e+00
9.493770407122241295e+00
8.312951594279383016e-02
-2.463190752230683955e-01
-4.198945416353794258e-02
2.732667221157676352e-01
-5.100379891719217795e-01
2.326383104818621206e-01
-1.565070577030471810e-01
-3.416746220631239339e-02
4.376673972070577179e-02
1.469615536623702923e-01
-1.345145615860623423e-01
-2.058125181751684352e-01
1.819112227473276278e-01
-1.163475588357893997e-01
-7.827464447178300588e-02
1.018536849372705078e+01
9.067412572755593203e+00
2.974742890864288114e-01
-1.473719565568694989e+00
-1.043048878749818442e+00
-3.391253977684144161e+00
-4.520310750398213173e+00
7.826477847317500292e+00
-8.029448297126791090e-01
5.787505447312213391e-04
8.115479867584163287e-02
-1.787462586907686557e-01
-5.230834459025857086e-02
-2.630620266895729031e-01
-5.256793482505983661e-02
-6.101534141789439758e-01
2.372624354983106088e-01
-1.338326501875304331e-01
2.033800238033336427e-01
1.206022718856907261e-01
1.658498244831552171e-01
9.091012427633348381e+00
2.712402154963466927e-01
-9.042471539577334738e-02
