2.020978892507367952e+00
2.915835007498997378e+00
2.634580414041530982e+00
1.528873130159700278e+00
1.671440811048189312e-01
1.353477643562784216e+00
5.996299622627621062e-02
1.325132763746536213e+00
2.938760186438185151e+00
1.078333391907964511e+00
1.442680592508488457e+00
2.065983548417311244e+00
2.641427667757786146e+00
2.754706399086434221e+00
6.504664128826286307e-01
1.695566599814625874e+00
2.595307683916154851e+00
1.526906882001043408e+00
2.750168862058382402e+00
2.763472830711599215e+00
2.493374778918071577e-01
8.331556838430973499e-01
2.807011456959784823e-02
2.527026239003193009e+00
1.941522420562666440e+00
