-1.277593363366413826e-02 1.926842201859833459e+00
9.582449918544320155e+00 1.088872999014019527e+01
-1.228425725206193420e+00 -8.866065549341031193e-01
-1.161605453999356996e-01 6.001437885391143201e-01
2.198776845604175634e-01 1.721249966997330016e+00
2.747376282346820631e-01 1.490398965665617581e+00
9.059393231627232979e-02 7.406883903329772867e-01
1.595743458339651255e-01 2.364251987794345755e-01
-2.841618555234148857e-02 1.240131930362328605e+00
-1.490679307167734891e-01 1.768830606532267202e+00
-5.184830015816643822e-02 1.253732333852815239e+00
9.756809566626575503e+00 1.102692731383370273e+01
2.004458549553458369e-01 2.191044990311120877e+00
-3.508768579558818601e-01 8.128238009211867787e-01
1.608463306435758966e-01 9.895835070963134861e-01
-2.010303654140219720e-01 7.483646391628038241e-01
-1.606458882904995278e-01 1.086374313973236916e+00
1.408028456192749189e-01 8.168180752970584102e-01
1.118824601036632060e-01 1.461387104621704625e+00
9.760577766100533736e+00 1.039498125023912678e+01
4.969160578840536857e-02 1.606382569840223429e+00
9.000208912533807393e+00 1.089935101943529183e+01
-1.242880127642926880e-01 1.200765721135795827e+00
-1.678107022918009505e-01 -1.406674310675812833e-01
1.471990218022103392e-01 1.392891212895549291e+00
