9.740135385786707900e-02 4.406607083807481118e-01
8.312951594279383016e-02 1.125202728351052395e+00
-1.277593363366413826e-02 9.590004304484311959e-02
-2.463190752230683955e-01 1.536739745697317527e-01
5.787505447312213391e-04 3.762233946595916478e-02
3.209549654999204193e-01 1.908350372214761670e+00
9.756809566626575503e+00 1.020465894274733643e+01
-9.042471539577334738e-02 6.002786459980320455e-01
-1.330580250552761967e+00 5.255823363784197788e-01
8.646786980046883286e-02 1.495296673647534380e+00
2.326383104818621206e-01 2.963161695444778143e-01
1.658498244831552171e-01 4.952381374789807111e-01
9.055851837652229008e+00 1.029880864065175672e+01
-1.228425725206193420e+00 -7.396854799785823609e-02
-1.678107022918009505e-01 3.079749404572162952e-01
9.227240460486838103e+00 1.109566845633642629e+01
-1.490679307167734891e-01 1.078863981215018475e+00
2.747376282346820631e-01 1.346003234284598671e+00
2.023021698405500501e-01 1.382122122549692023e+00
2.004458549553458369e-01 1.660689913988885102e+00
9.218342158233582495e+00 9.842232149192785329e+00
-3.416746220631239339e-02 7.622746622258713689e-01
1.471990218022103392e-01 5.668865197524546318e-01
-1.163475588357893997e-01 2.560384529248829200e-01
-4.520310750398213173e+00 -2.631565970430346013e+00
-7.827464447178300588e-02 1.400826945626792108e+00
1.118824601036632060e-01 1.092800077338797360e+00
8.115479867584163287e-02 5.359840546224881042e-01
-8.029448297126791090e-01 -2.942318661718932304e-01
-1.473719565568694989e+00 -1.357661244920943755e+00
-4.198945416353794258e-02 8.268437969527036024e-01
9.091012427633348381e+00 9.714604191621553753e+00
-5.256793482505983661e-02 1.340119042805859140e+00
-1.345145615860623423e-01 6.209891169988994708e-01
1.136260605682437586e-02 3.705699611760939760e-01
9.098460778075434519e-02 1.403420645634168018e-01
4.969160578840536857e-02 1.841908687149025337e-01
9.665483134885224814e+00 1.102426868188235964e+01
-2.630620266895729031e-01 6.443316624225177147e-01
9.493770407122241295e+00 1.056692882933968569e+01
-1.338326501875304331e-01 1.659509935893153765e+00
4.457406097421490188e-02 2.025251955767623624e+00
-1.606458882904995278e-01 2.731480805064483430e-01
1.018536849372705078e+01 1.151152489992725236e+01
1.368327047980599787e-02 5.403280239541072838e-01
-1.558349249336998810e-02 2.571850643808737402e-02
9.760577766100533736e+00 1.127733507377281619e+01
9.582449918544320155e+00 1.022248422018925496e+01
-2.841618555234148857e-02 7.385116027914544468e-01
8.252204527048156990e-02 1.259156272377693009e+00
2.418277844123455367e-01 1.903924694884726376e+00
-5.184830015816643822e-02 1.206115387024131014e+00
1.206022718856907261e-01 1.865903582780481296e+00
-1.570904141508862040e-01 3.899936554803853372e-01
2.198776845604175634e-01 1.815971352385544968e+00
-2.823377036626499859e-01 8.893418494925442452e-02
9.145255650464607200e+00 1.105083896440849678e+01
-1.314987345006350949e-01 1.243477818274995483e+00
2.139819327514231873e-01 6.449972869785400853e-01
1.595743458339651255e-01 2.054315526811813619e+00
-4.524898732212854213e-01 1.009221740319030225e+00
1.608463306435758966e-01 6.687296158336275553e-01
1.198366985497294479e-01 5.464606532846933984e-01
-1.161605453999356996e-01 9.202408824613907967e-01
3.920707553053759398e-02 9.053251163960074344e-02
2.974742890864288114e-01 7.124144399686476170e-01
8.273907813480645856e+00 9.123278750983658369e+00
-1.043048878749818442e+00 -2.947089180813673437e-01
-6.101534141789439758e-01 3.169974345506774149e-01
3.282046131325166982e-01 8.834620257219805151e-01
2.033800238033336427e-01 1.376948716719671229e+00
-3.508768579558818601e-01 1.376834353890580953e+00
1.819112227473276278e-01 4.169749346713937932e-01
9.000208912533807393e+00 1.003496712684203551e+01
7.012007582073032097e-02 3.342562885110369475e-01
9.598183322233047932e+00 1.103190268461823464e+01
2.732667221157676352e-01 1.065386127730355126e+00
3.262184613319156767e-01 1.457061085048933613e+00
4.376673972070577179e-02 4.103264121488630067e-01
-2.010303654140219720e-01 8.866515327273249980e-02
2.712402154963466927e-01 1.247352776794255824e+00
-2.058125181751684352e-01 5.054129575247428008e-01
9.067412572755593203e+00 1.094827646326121950e+01
2.061649315646612024e-01 1.736815439178591713e+00
9.802814410697632042e+00 1.130014165039872687e+01
-3.391253977684144161e+00 -1.583814498192277265e+00
-1.812718087040234849e-01 -1.442693781998638514e-02
2.293498278883081554e-01 1.333734767733121274e+00
-5.100379891719217795e-01 6.589141487396159569e-01
8.408276244181877246e+00 1.033214900127633484e+01
1.408028456192749189e-01 7.250978992043726201e-01
2.372624354983106088e-01 7.189199953292042533e-01
-5.230834459025857086e-02 1.482795399407370596e-01
1.469615536623702923e-01 1.798208128453187005e-01
-1.787462586907686557e-01 1.680312374893612404e+00
9.078940201369453789e+00 1.041877329455127388e+01
9.059393231627232979e-02 1.660899756362547830e+00
7.826477847317500292e+00 8.389938058825398670e+00
-1.242880127642926880e-01 1.048532319608360686e+00
-1.565070577030471810e-01 -2.859652546108493176e-02
