2.070075060573682180e+00
2.098866162751550135e+00
9.831612046713567032e-01
2.270335928210667653e+00
1.908183166341423931e+00
7.200608201391286434e-01
4.816164674557692482e-01
2.389174423551994941e+00
2.877499809105667605e+00
1.374416481780128541e+00
1.772952495971054754e+00
2.573167932580664008e+00
1.371670360061571170e+00
2.855623430498208659e+00
1.727253486134617155e+00
2.462301362103945124e+00
2.726531155238215209e+00
2.446571456305706604e+00
4.782433903468678027e-01
1.886695317185101306e+00
1.195302775859031108e+00
1.881388560700371082e-01
1.272096755669525958e+00
7.760522006682231133e-01
2.547114925285532294e+00
9.991387964008857647e-02
2.876948165590420547e+00
1.066106545415788975e+00
1.070120671207628771e+00
4.898550805112367179e-02
5.556969757085518102e-01
1.203778502410826068e+00
2.787874251908141865e+00
2.988447906638139751e-01
2.835904600437238798e+00
2.608465591639896886e+00
1.362487190722655228e+00
9.801026453047801956e-01
6.982323878371705650e-01
1.843394119430623146e+00
9.922377442651686419e-02
4.681819334048464842e-02
1.286387167494713601e+00
2.042222219241606185e-01
7.558229647382787020e-01
6.634827460382515252e-01
7.595735811685557781e-01
3.931656936457732510e-01
3.610866869296280868e-02
3.464528914162442463e-01
1.855440778538243629e+00
2.922768638454150913e+00
2.971035004682681446e+00
1.227162286119184653e+00
4.888632781398161153e-01
1.916285272099587988e+00
1.470916039646211537e+00
2.968229331853294184e+00
1.959126214553406076e-01
2.349703314941439469e+00
8.651954919944817579e-01
7.242558602297219927e-01
1.987513714598027725e+00
7.381895549728934025e-01
1.997577352677563090e+00
1.551925551606866183e+00
1.272266965307547792e+00
1.664063425984256828e+00
8.611545597588892154e-01
2.119724118818936631e+00
1.244570608000691969e+00
1.081636681457676774e+00
2.485970743667213156e+00
2.774900735859576528e+00
1.380219326618907782e-01
6.978809784892965329e-01
1.045558108477689707e+00
2.444899438110741841e+00
2.956474282929892894e+00
2.906915114011055401e+00
2.714845036649780496e+00
8.896687951920896342e-01
2.976033730243422326e+00
7.482601231693536414e-01
3.177184646466966189e-01
2.852857833166182466e+00
7.002607664042889146e-01
2.069304795233251504e+00
1.750690769417659887e-01
2.192127297382428619e+00
2.645160637001518822e+00
8.173106863978875092e-01
1.137170688232285620e+00
1.122888549962748339e+00
2.246364772620399464e+00
7.134217276171165301e-01
5.155592971429290294e-01
1.347874946063214230e+00
9.134052221319585163e-01
2.517567366775957272e+00
