1.456882787803868595e+00
2.932485419233340274e+00
2.629515735949772282e+00
1.014476855510536790e+00
2.884710463624495347e+00
6.951048794136135411e-01
2.847956467247044543e+00
2.824133114119495858e+00
2.397607762057174963e+00
1.891343810600373487e+00
2.622863899874841032e+00
8.790608535233901399e-01
2.546830665938754734e+00
1.853630075752571438e+00
3.971057327669846870e-02
1.041700553796658824e+00
4.444225828444950954e-01
2.945488169454759664e+00
1.435110921119964189e+00
1.492174096495987978e+00
1.918417549196170802e+00
1.105753818388852672e+00
4.107008150567967864e-01
2.466353199582736799e+00
5.695437357082738794e-01
1.533956947639368185e+00
6.729510869242177895e-01
2.935334534821021357e-01
2.586574552265049842e+00
2.918758467069390683e+00
2.882503974189000395e+00
2.719666497663536742e+00
2.322141998095916371e+00
9.994354560859257663e-01
2.433041699639902911e-01
1.221723514241422004e+00
6.967024265128282101e-01
3.974629042739489249e-01
1.602815453604757856e-01
2.176783092631736416e+00
3.428237587509308515e-02
2.311742245508328963e+00
4.408399362011251599e-01
2.385662477602672471e-01
2.688091027158161506e-01
2.016143422061743351e+00
7.361016295585343094e-01
1.261618400040295462e+00
1.672106373971750770e+00
2.581653521486381386e+00
2.181132788133984590e+00
8.109837157161439158e-01
3.944483978733828167e-01
1.661229612635938269e-01
9.047959034428274538e-01
7.863544477190347326e-01
1.368421700401438956e+00
2.049844006643041450e+00
2.086876336916571706e+00
8.505565397464999178e-01
1.139780867700361355e+00
5.434528852107091135e-01
2.365636536919556221e+00
1.705442292997209064e-01
2.090991725174962124e+00
2.336086187823310123e+00
2.332222685546259555e+00
7.782676930360648004e-01
1.121439413797684193e+00
1.762798905589167076e+00
8.184657072734010663e-01
1.112558397653666153e+00
5.911628405569189226e-01
1.379567651268022166e+00
1.338369037623422519e-01
2.399387653711853918e+00
2.308693409598981949e-01
1.556505446494578226e+00
9.204302986355883398e-01
1.732628846494126407e+00
2.878300022500275279e+00
1.936710733368011583e+00
1.060873072664727523e-01
1.291207318524183689e+00
1.530050556954750673e+00
1.608532484110356098e+00
2.044177531811513404e+00
8.327882931952982348e-01
3.865816963989605615e-01
1.178027029641282919e+00
2.869217168387846684e+00
5.613926752525342234e-01
2.711951864784710953e+00
1.631417850231978939e+00
1.370734264937297553e+00
2.646124230689668622e+00
1.375811885305757709e+00
2.172502909834629570e+00
1.197075965109306139e+00
2.712133178702873071e+00
