2.524158357592063417e+00
7.941904928503489280e-01
1.193462258275887145e+00
1.658464439662714396e+00
4.948213807256524044e-01
1.109424278245020101e+00
4.393252881873367377e-01
1.708855217769920110e+00
2.111211837869748642e+00
8.654293111455859666e-01
1.299864185946132178e+00
2.268320081595122772e+00
1.188294826270086979e+00
2.688115162527231039e+00
1.916763228693938670e+00
2.674663311677031086e+00
2.040166708390236838e+00
1.347593214655116167e+00
2.935712785262150959e+00
3.486057288371832152e-01
2.301071110676180087e+00
1.235460416894534230e+00
2.026317243600708196e+00
7.493888269649342515e-01
9.396549958378528355e-01
