2.198776845604175634e-01 5.005792453857078605e-01
-1.606458882904995278e-01 1.579528628426373205e+00
-1.277593363366413826e-02 9.344401569137568142e-01
1.471990218022103392e-01 1.749020525761498801e+00
9.760577766100533736e+00 1.080153272520294294e+01
-5.184830015816643822e-02 1.305910760079754152e+00
1.118824601036632060e-01 1.553147769555496716e+00
-1.678107022918009505e-01 9.962288818584132954e-01
2.004458549553458369e-01 1.275192313853367176e+00
-1.242880127642926880e-01 1.392943235880421682e+00
-1.161605453999356996e-01 9.565466897564856019e-02
1.595743458339651255e-01 1.106775184527279965e+00
1.408028456192749189e-01 5.134675322727948465e-01
-1.228425725206193420e+00 2.454106290517228395e-01
-3.508768579558818601e-01 8.222385089286188276e-02
9.582449918544320155e+00 9.852886265355223827e+00
9.756809566626575503e+00 1.040509158221300368e+01
-2.841618555234148857e-02 2.709335488150248494e-01
4.969160578840536857e-02 4.943343822915806651e-01
9.000208912533807393e+00 9.773186874785531941e+00
-2.010303654140219720e-01 1.604166585644787313e+00
9.059393231627232979e-02 9.904939121387275058e-01
-1.490679307167734891e-01 1.077058985051491335e+00
1.608463306435758966e-01 1.965543496991544403e+00
2.747376282346820631e-01 4.732983289526297987e-01
