-1.277593363366413826e-02
9.582449918544320155e+00
-1.228425725206193420e+00
-1.161605453999356996e-01
2.198776845604175634e-01
2.747376282346820631e-01
9.059393231627232979e-02
1.595743458339651255e-01
-2.841618555234148857e-02
-1.490679307167734891e-01
-5.184830015816643822e-02
9.756809566626575503e+00
2.004458549553458369e-01
-3.508768579558818601e-01
1.608463306435758966e-01
-2.010303654140219720e-01
-1.606458882904995278e-01
1.408028456192749189e-01
1.118824601036632060e-01
9.760577766100533736e+00
4.969160578840536857e-02
9.000208912533807393e+00
-1.242880127642926880e-01
-1.678107022918009505e-01
1.471990218022103392e-01
