2.198776845604175634e-01 4.120745003483436975e-01
-1.606458882904995278e-01 1.792273041736291983e+00
-1.277593363366413826e-02 9.245264696617390143e-01
1.471990218022103392e-01 2.100721198182884386e+00
9.760577766100533736e+00 1.097026880559062612e+01
-5.184830015816643822e-02 1.426678858638436909e+00
1.118824601036632060e-01 1.902580446123045554e-01
-1.678107022918009505e-01 3.978032228610182131e-01
2.004458549553458369e-01 4.408389773816836499e-01
-1.242880127642926880e-01 4.679923822799971767e-01
-1.161605453999356996e-01 1.212948925085524099e-01
1.595743458339651255e-01 7.955407046219171718e-01
1.408028456192749189e-01 9.693288346486148566e-01
-1.228425725206193420e+00 -1.100130732508624698e+00
-3.508768579558818601e-01 1.034067380784157830e+00
9.582449918544320155e+00 1.071565282695747001e+01
9.756809566626575503e+00 1.028758854850546633e+01
-2.841618555234148857e-02 1.018079921381057851e+00
4.969160578840536857e-02 2.375726273052887194e-01
9.000208912533807393e+00 1.015210190364616594e+01
-2.010303654140219720e-01 1.657562029738406162e+00
9.059393231627232979e-02 7.277318372189196527e-01
-1.490679307167734891e-01 1.185752829210589887e+00
1.608463306435758966e-01 4.244420554523602451e-01
2.747376282346820631e-01 1.707392036471813146e+00
2.061649315646612024e-01 7.849771174590634004e-01
9.740135385786707900e-02 4.637840778721007418e-01
9.098460778075434519e-02 1.264010477400920651e+00
9.145255650464607200e+00 9.185470742839594749e+00
7.012007582073032097e-02 1.728000134255456510e+00
9.227240460486838103e+00 9.236631412871933122e+00
3.920707553053759398e-02 1.394840149122997808e+00
3.282046131325166982e-01 8.682205595168464018e-01
2.023021698405500501e-01 1.672690214085739813e+00
-2.823377036626499859e-01 1.642039386572226478e+00
-4.524898732212854213e-01 4.501641381863064062e-02
9.078940201369453789e+00 1.023125487020512736e+01
9.802814410697632042e+00 1.098689827324131052e+01
2.418277844123455367e-01 1.386331595994092281e+00
2.293498278883081554e-01 6.755130931695447760e-01
8.252204527048156990e-02 1.988020068304451549e+00
-1.558349249336998810e-02 8.786672647418847237e-01
1.368327047980599787e-02 1.706500615422061662e+00
9.218342158233582495e+00 1.061730070886859068e+01
4.457406097421490188e-02 6.394479626844822295e-01
8.646786980046883286e-02 1.714063509205423275e+00
-1.812718087040234849e-01 6.117396729899458041e-01
3.262184613319156767e-01 2.088424855554238846e+00
3.209549654999204193e-01 1.483500710771637809e+00
9.598183322233047932e+00 1.136165404594275330e+01
2.139819327514231873e-01 1.599045112906954946e+00
9.055851837652229008e+00 1.050636039729151072e+01
1.198366985497294479e-01 1.122485462403133960e+00
1.136260605682437586e-02 1.923529875503272146e+00
-1.570904141508862040e-01 1.130889984308388607e+00
-1.314987345006350949e-01 7.162113626157242674e-01
-1.330580250552761967e+00 -1.177938222969132642e-01
8.273907813480645856e+00 8.312294210099313574e+00
8.408276244181877246e+00 9.011425877530975015e+00
9.665483134885224814e+00 1.098583020987059555e+01
9.493770407122241295e+00 1.007392562154312898e+01
8.312951594279383016e-02 1.319160373940476916e+00
-2.463190752230683955e-01 6.112183266684638738e-01
-4.198945416353794258e-02 2.289586742813625175e-01
2.732667221157676352e-01 8.698313740278291739e-01
-5.100379891719217795e-01 6.298918322306079620e-01
2.326383104818621206e-01 1.414383832978208577e+00
-1.565070577030471810e-01 9.921434399961104322e-01
-3.416746220631239339e-02 1.272234177507954866e+00
4.376673972070577179e-02 1.347973279724083540e+00
1.469615536623702923e-01 1.009798424530318206e+00
-1.345145615860623423e-01 1.658578630116063657e+00
-2.058125181751684352e-01 5.293112219206246305e-01
1.819112227473276278e-01 1.053641073278581253e+00
-1.163475588357893997e-01 1.667499151195554807e+00
-7.827464447178300588e-02 1.534113333620388486e+00
1.018536849372705078e+01 1.159314566080778341e+01
9.067412572755593203e+00 9.267866347380195435e+00
2.974742890864288114e-01 2.136439516575776132e+00
-1.473719565568694989e+00 -4.523696647047215080e-02
-1.043048878749818442e+00 9.546451343859145844e-01
-3.391253977684144161e+00 -3.092357368368156667e+00
-4.520310750398213173e+00 -2.784058635661784464e+00
7.826477847317500292e+00 8.151463716670249937e+00
-8.029448297126791090e-01 4.281742988550092388e-01
5.787505447312213391e-04 2.482187162436142458e-01
8.115479867584163287e-02 1.777171257320310449e+00
-1.787462586907686557e-01 1.435891658759252731e+00
-5.230834459025857086e-02 1.085893132638928060e+00
-2.630620266895729031e-01 5.513045677624264229e-01
-5.256793482505983661e-02 8.576605608521625790e-02
-6.101534141789439758e-01 7.847041321101833056e-01
2.372624354983106088e-01 1.144347800854448316e+00
-1.338326501875304331e-01 1.310278548753165406e+00
2.033800238033336427e-01 1.936144675660592007e+00
1.206022718856907261e-01 2.071645281891462353e+00
1.658498244831552171e-01 1.877456509268377260e+00
9.091012427633348381e+00 9.114440596003351658e+00
2.712402154963466927e-01 9.911963444530744738e-01
-9.042471539577334738e-02 1.369556409452342693e+00
